positive\1659509594.7975886.jpg 1 231 228 205 211
positive\1659509594.9285803.jpg 1 241 222 254 231
positive\1659509595.0615733.jpg 1 252 217 248 235
positive\1659509595.1857398.jpg 1 247 220 230 211
positive\1659509595.3086262.jpg 1 245 203 223 218
positive\1659509595.4325757.jpg 1 233 199 214 217
positive\1659509595.5565724.jpg 1 214 194 228 221
positive\1659509595.6795754.jpg 1 224 197 222 222
positive\1659509595.8035917.jpg 1 208 190 220 219
positive\1659509595.926577.jpg 1 186 187 247 227
positive\1659509596.0635765.jpg 1 178 180 246 217
positive\1659509596.1896157.jpg 1 163 178 272 247
positive\1659509596.3286057.jpg 1 170 179 266 232
positive\1659509596.4526026.jpg 1 170 177 261 252
positive\1659509596.587795.jpg 1 179 175 260 241
positive\1659509596.7106025.jpg 1 182 161 274 249
positive\1659509596.845574.jpg 1 177 151 265 254
positive\1659509596.969574.jpg 1 176 167 274 239
positive\1659509597.0915725.jpg 1 181 156 289 256
positive\1659509597.2195978.jpg 1 192 158 269 248
positive\1659509597.3395777.jpg 1 192 146 252 261
positive\1659509597.4626002.jpg 1 207 152 258 252
positive\1659509597.5976105.jpg 1 177 144 279 264
positive\1659509597.7205744.jpg 1 174 144 265 252
positive\1659509597.841576.jpg 1 152 125 294 292
positive\1659509597.9656131.jpg 1 157 148 284 263
positive\1659509598.0905735.jpg 1 170 158 268 265
positive\1659509598.2255697.jpg 1 130 145 346 304
positive\1659509598.3495796.jpg 1 148 136 328 301
positive\1659509598.473599.jpg 1 160 130 284 289
positive\1659509598.6106014.jpg 1 149 115 308 299
positive\1659509598.7315712.jpg 1 149 116 310 303
positive\1659509598.8545709.jpg 1 156 121 305 306
positive\1659509598.9796154.jpg 1 149 130 325 315
positive\1659509599.1165714.jpg 1 129 124 378 337
positive\1659509599.2415783.jpg 1 163 136 293 305
positive\1659509599.3645706.jpg 1 145 141 331 294
positive\1659509599.4906178.jpg 1 135 146 285 280
positive\1659509599.6135774.jpg 1 153 154 246 252
positive\1659509599.7365992.jpg 1 139 138 284 272
positive\1659509599.859579.jpg 1 148 163 222 252
positive\1659509599.983571.jpg 1 154 175 218 235
positive\1659509600.111589.jpg 1 129 171 252 241
positive\1659509600.2455757.jpg 1 130 171 234 245
positive\1659509600.369789.jpg 1 139 185 224 224
positive\1659509600.4936142.jpg 1 148 185 229 224
positive\1659509600.6145816.jpg 1 138 186 230 207
positive\1659509600.7375867.jpg 1 156 182 219 208
positive\1659509600.861581.jpg 1 175 194 218 194
positive\1659509600.984582.jpg 1 181 184 219 208
positive\1659509601.10657.jpg 1 144 179 268 224
positive\1659509601.2316165.jpg 1 170 180 200 198
positive\1659509601.3716073.jpg 1 175 181 201 197
positive\1659509601.5075705.jpg 1 179 179 198 207
positive\1659509601.6325758.jpg 1 162 180 215 207
positive\1659509601.7565808.jpg 1 163 178 210 207
positive\1659509601.8795779.jpg 1 167 190 204 211
positive\1659509602.00257.jpg 1 181 199 185 196
positive\1659509602.1256168.jpg 1 169 196 203 206
positive\1659509602.250593.jpg 1 183 205 175 181
positive\1659509602.3896177.jpg 1 166 201 184 192
positive\1659509602.5256102.jpg 1 160 210 180 189
positive\1659509602.6467905.jpg 1 162 214 181 187
positive\1659509602.7705917.jpg 1 170 216 158 176
positive\1659509602.9075801.jpg 1 169 221 174 171
positive\1659509603.0318017.jpg 1 156 220 157 176
positive\1659509603.154592.jpg 1 149 233 160 166
positive\1659509603.2915695.jpg 1 152 240 158 151
positive\1659509603.415579.jpg 1 144 240 164 168
positive\1659509603.5365932.jpg 1 139 241 154 166
positive\1659509603.6595712.jpg 1 137 257 163 149
positive\1659509603.7845826.jpg 1 142 255 148 157
positive\1659509603.9076328.jpg 1 137 245 167 161
positive\1659509604.0447915.jpg 1 138 260 153 149
positive\1659509604.169571.jpg 1 136 263 163 155
positive\1659509604.294594.jpg 1 156 266 137 142
positive\1659509604.4305823.jpg 1 163 267 143 136
positive\1659509604.5525799.jpg 1 164 267 142 129
positive\1659509604.6756136.jpg 1 180 264 138 144
positive\1659509604.799585.jpg 1 186 257 129 150
positive\1659509604.9235804.jpg 1 197 268 134 134
positive\1659509605.046574.jpg 1 202 262 140 142
positive\1659509605.1695883.jpg 1 218 257 127 143
positive\1659509605.3075702.jpg 1 233 269 124 136
positive\1659509605.4305782.jpg 1 233 274 148 129
positive\1659509605.5525815.jpg 1 256 272 125 136
positive\1659509605.6745799.jpg 1 252 272 141 139
positive\1659509605.7975707.jpg 1 269 284 119 146
positive\1659509605.9075687.jpg 1 263 292 126 132
positive\1659509606.0315857.jpg 1 265 287 126 140
positive\1659509606.1685781.jpg 1 247 284 139 139
positive\1659509606.290617.jpg 1 245 289 127 140
positive\1659509606.4135706.jpg 1 227 292 142 135
positive\1659509606.5355809.jpg 1 223 297 139 128
positive\1659509606.6605818.jpg 1 230 300 121 124
positive\1659509606.7806413.jpg 1 231 300 122 121
positive\1659509606.9035707.jpg 1 223 300 115 118
positive\1659509607.0275898.jpg 1 211 298 128 128
positive\1659509607.148631.jpg 1 208 311 122 114
positive\1659509607.2746108.jpg 1 210 307 119 116
positive\1659509607.4085698.jpg 1 200 314 118 112
positive\1659509607.5335712.jpg 1 203 317 123 102
positive\1659509607.6575863.jpg 1 203 313 120 119
positive\1659509607.7795818.jpg 1 203 316 126 118
positive\1659509607.9025846.jpg 1 200 314 110 126
positive\1659509608.0415792.jpg 1 200 316 112 110
positive\1659509608.1646104.jpg 1 202 319 106 109
positive\1659509608.2865927.jpg 1 203 323 108 110
positive\1659509608.4105847.jpg 1 196 321 105 110
positive\1659509608.5336347.jpg 1 198 324 105 110
positive\1659509608.6576502.jpg 1 187 326 119 104
positive\1659509608.779651.jpg 1 201 324 104 105
positive\1659509608.9176462.jpg 1 192 323 107 111
positive\1659509609.039646.jpg 1 193 321 112 111
positive\1659509609.1636796.jpg 1 201 327 101 103
positive\1659509609.286637.jpg 1 195 324 110 100
positive\1659509609.410655.jpg 1 198 323 105 111
positive\1659509609.5476444.jpg 1 211 319 93 102
positive\1659509609.6716752.jpg 1 185 312 134 112
positive\1659509609.7957144.jpg 1 186 309 122 116
positive\1659509609.9206388.jpg 1 191 311 127 117
positive\1659509610.0436573.jpg 1 190 313 116 108
positive\1659509610.1657283.jpg 1 184 302 134 128
positive\1659509610.287648.jpg 1 187 302 120 122
positive\1659509610.4116733.jpg 0
positive\1659509610.5354722.jpg 1 166 291 145 134
positive\1659509610.6742873.jpg 1 184 290 116 128
positive\1659509610.8112626.jpg 1 175 285 128 128
positive\1659509610.9367557.jpg 1 164 297 141 114
positive\1659509611.0587595.jpg 1 173 288 125 120
positive\1659509611.1797547.jpg 1 164 282 148 147
positive\1659509611.3027556.jpg 1 149 285 160 132
positive\1659509611.4257462.jpg 1 159 275 159 153
positive\1659509611.5487573.jpg 1 163 280 139 130
positive\1659509611.6737545.jpg 1 168 282 129 130
positive\1659509611.7967763.jpg 1 163 282 170 143
positive\1659509611.918746.jpg 1 161 282 160 138
positive\1659509612.040754.jpg 1 172 277 152 149
positive\1659509612.1640446.jpg 1 174 267 158 158
positive\1659509612.289047.jpg 1 183 269 160 151
positive\1659509612.4120483.jpg 1 195 257 162 163
positive\1659509612.5340395.jpg 1 218 257 149 162
positive\1659509612.6570377.jpg 1 214 255 153 164
positive\1659509612.7810466.jpg 1 213 260 157 159
positive\1659509612.903494.jpg 1 220 252 158 168
positive\1659509613.0274837.jpg 1 208 242 177 174
positive\1659509613.1515043.jpg 1 233 246 145 175
positive\1659509613.2724636.jpg 1 197 238 196 183
positive\1659509613.3955083.jpg 1 232 254 152 163
positive\1659509613.5324924.jpg 1 226 237 153 179
positive\1659509613.6684928.jpg 1 201 225 199 205
positive\1659509613.7944782.jpg 1 205 234 176 189
positive\1659509613.9324725.jpg 1 200 235 170 182
positive\1659509614.057697.jpg 1 157 225 214 180
positive\1659509614.192683.jpg 1 164 229 203 195
positive\1659509614.3181326.jpg 1 164 218 206 213
positive\1659509614.4401355.jpg 1 165 222 201 211
positive\1659509614.579195.jpg 1 166 219 208 214
positive\1659509614.7021372.jpg 1 155 213 207 215
positive\1659509614.8241744.jpg 1 147 228 207 207
positive\1659509614.9491367.jpg 1 147 235 206 196
positive\1659509615.07415.jpg 1 118 235 229 211
positive\1659509615.2122097.jpg 1 114 237 243 222
positive\1659509615.333223.jpg 1 117 239 234 234
positive\1659509615.4572053.jpg 1 131 259 205 201
positive\1659509615.5802426.jpg 1 114 258 214 207
positive\1659509615.7192116.jpg 1 112 260 230 204
positive\1659509615.8412032.jpg 1 109 269 230 199
positive\1659509615.962198.jpg 1 133 245 221 223
positive\1659509616.086199.jpg 1 145 259 212 196
positive\1659509616.212221.jpg 1 129 256 237 204
positive\1659509616.3312142.jpg 1 133 252 235 214
positive\1659509616.4531963.jpg 1 158 255 213 214
positive\1659509616.5782108.jpg 1 151 252 238 210
positive\1659509616.7012281.jpg 1 178 246 209 220
positive\1659509616.8222277.jpg 1 151 247 252 228
positive\1659509616.945228.jpg 1 157 248 246 227
positive\1659509617.0674095.jpg 1 157 248 217 220
positive\1659509617.1901999.jpg 1 158 233 252 240
positive\1659509617.312204.jpg 1 158 233 252 240
positive\1659509617.4492116.jpg 1 146 218 263 250
positive\1659509617.5851963.jpg 0
positive\1659509617.711235.jpg 1 144 209 253 243
positive\1659509617.8362641.jpg 1 140 202 289 269
positive\1659509617.973372.jpg 1 149 200 278 249
positive\1659509618.0952053.jpg 1 138 179 279 256
positive\1659509618.2181964.jpg 1 138 179 279 256
positive\1659509618.3426788.jpg 1 127 154 294 287
positive\1659509618.467694.jpg 1 121 141 303 302
positive\1659509618.588685.jpg 1 112 168 310 274
positive\1659509618.7107077.jpg 1 99 126 334 313
positive\1659509618.833677.jpg 0
positive\1659509618.957747.jpg 1 101 127 323 319
positive\1659509619.080685.jpg 1 83 133 328 319
positive\1659509619.2047305.jpg 1 81 115 344 342
positive\1659509619.3286874.jpg 1 43 126 378 344
positive\1659509619.4529834.jpg 1 77 137 351 322
positive\1659509619.5823793.jpg 1 78 136 325 321
positive\1659509619.7193742.jpg 1 71 152 354 307
positive\1659509619.8553567.jpg 1 87 162 344 297
positive\1659509619.9803581.jpg 1 115 157 316 302
positive\1659509620.105376.jpg 1 115 157 354 311
positive\1659509620.243374.jpg 1 174 165 304 308
positive\1659509620.3813562.jpg 1 155 171 343 305
positive\1659509620.5073748.jpg 1 168 181 330 292
positive\1659509620.6463618.jpg 1 169 182 346 286
positive\1659509620.7683642.jpg 1 205 176 294 296
positive\1659509620.8923967.jpg 1 184 164 328 314
positive\1659509621.0163572.jpg 1 203 160 323 306
positive\1659509621.1383817.jpg 1 211 172 315 297
positive\1659509621.2633746.jpg 1 217 165 333 306
positive\1659509621.3993986.jpg 1 210 158 331 312
positive\1659509621.5233989.jpg 1 232 136 321 340
positive\1659509621.648377.jpg 0
positive\1659509621.775385.jpg 1 200 131 372 346
positive\1659509621.8933783.jpg 1 202 137 362 336
positive\1659509622.0144038.jpg 1 203 144 358 317
positive\1659509622.138364.jpg 1 197 125 374 347
positive\1659509622.2603736.jpg 1 218 112 345 360
positive\1659509622.3843663.jpg 1 204 113 375 365
positive\1659509622.5063558.jpg 1 225 113 351 366
positive\1659509622.6296403.jpg 1 196 154 384 317
positive\1659509622.7533736.jpg 1 207 147 359 323
positive\1659509622.8923688.jpg 1 171 121 395 353
positive\1659509623.0123641.jpg 1 156 126 388 344
positive\1659509623.134357.jpg 1 147 142 371 329
positive\1659509623.259373.jpg 1 161 146 339 326
positive\1659509623.3834112.jpg 1 113 149 360 323
positive\1659509623.5076535.jpg 1 91 157 355 308
positive\1659509623.6284893.jpg 1 93 162 338 314
positive\1659509623.7509437.jpg 1 92 159 322 315
positive\1659509623.8739436.jpg 1 81 158 325 315
positive\1659509623.99734.jpg 1 80 172 322 301
