positive/1659499598.5865798.jpg 2 325 244 158 164 325 244 158 164
positive/1659499598.7136412.jpg 1 327 247 154 158
positive/1659499598.8383803.jpg 1 327 247 154 158
positive/1659499598.973688.jpg 0
positive/1659499599.0969675.jpg 1 322 248 163 159
positive/1659499599.2200584.jpg 1 327 242 161 167
positive/1659499599.3446367.jpg 1 335 242 155 162
positive/1659499599.4677591.jpg 1 337 230 160 168
positive/1659499599.5899699.jpg 1 341 222 154 163
positive/1659499599.7138095.jpg 1 342 213 160 159
positive/1659499599.8385892.jpg 1 335 197 156 170
positive/1659499599.9613888.jpg 1 329 198 162 172
positive/1659499600.0856993.jpg 1 314 190 172 182
positive/1659499600.2090466.jpg 1 304 195 174 181
positive/1659499600.331383.jpg 1 299 191 178 179
positive/1659499600.4556544.jpg 1 294 190 182 183
positive/1659499600.579971.jpg 1 316 197 161 164
positive/1659499600.7048202.jpg 1 320 197 167 169
positive/1659499600.8289413.jpg 1 322 199 168 158
positive/1659499600.9549062.jpg 1 316 192 179 168
positive/1659499601.0795248.jpg 1 320 193 165 168
positive/1659499601.2040186.jpg 1 312 192 168 169
positive/1659499601.330099.jpg 1 304 199 171 179
positive/1659499601.4515216.jpg 1 300 195 175 183
positive/1659499601.576711.jpg 1 310 213 159 177
positive/1659499601.7020733.jpg 1 306 220 174 177
positive/1659499601.8263984.jpg 1 306 223 172 168
positive/1659499601.950654.jpg 1 306 224 172 170
positive/1659499602.0738275.jpg 1 300 212 157 158
positive/1659499602.198001.jpg 1 295 204 161 168
positive/1659499602.3211014.jpg 1 290 196 161 167
positive/1659499602.4431517.jpg 1 292 196 156 157
positive/1659499602.568242.jpg 1 289 185 175 169
positive/1659499602.6918666.jpg 1 292 188 157 159
positive/1659499602.816951.jpg 1 291 183 159 168
positive/1659499602.940042.jpg 1 294 185 150 156
positive/1659499603.0628808.jpg 1 288 179 143 162
positive/1659499603.1885593.jpg 1 280 175 153 158
positive/1659499603.3120418.jpg 1 285 175 159 148
positive/1659499603.4369419.jpg 1 289 168 137 152
positive/1659499603.5617278.jpg 1 291 166 150 148
positive/1659499603.6872838.jpg 1 288 158 160 148
positive/1659499603.811359.jpg 1 297 154 143 142
positive/1659499603.9348516.jpg 1 302 159 159 149
positive/1659499604.0572934.jpg 1 311 161 146 143
positive/1659499604.1819375.jpg 1 328 167 140 140
positive/1659499604.306077.jpg 1 329 175 147 153
positive/1659499604.429736.jpg 1 327 178 146 139
positive/1659499604.5682628.jpg 1 343 191 132 138
positive/1659499604.6915915.jpg 1 341 197 128 141
positive/1659499604.8172266.jpg 1 350 203 120 124
positive/1659499604.9414084.jpg 1 349 207 118 120
positive/1659499605.0639832.jpg 1 348 207 121 117
positive/1659499605.1899333.jpg 1 354 213 108 116
positive/1659499605.311667.jpg 1 353 215 112 115
positive/1659499605.435329.jpg 1 357 217 111 121
positive/1659499605.5598037.jpg 1 358 219 117 119
positive/1659499605.6839917.jpg 1 358 215 117 123
positive/1659499605.8089406.jpg 1 361 213 129 128
positive/1659499605.9316316.jpg 1 360 214 127 120
positive/1659499606.056704.jpg 1 366 199 138 133
positive/1659499606.180901.jpg 1 377 191 138 138
positive/1659499606.3084364.jpg 1 377 180 146 149
positive/1659499606.4438653.jpg 1 376 184 147 139
positive/1659499606.570129.jpg 1 375 178 151 157
positive/1659499606.69403.jpg 1 363 172 159 149
positive/1659499606.8163576.jpg 1 363 181 155 146
positive/1659499606.9393141.jpg 1 352 179 160 152
positive/1659499607.0654945.jpg 1 352 176 154 162
positive/1659499607.1895957.jpg 1 340 176 166 167
positive/1659499607.3101983.jpg 1 323 173 173 174
positive/1659499607.4337766.jpg 1 329 175 165 175
positive/1659499607.5592458.jpg 1 316 173 166 181
positive/1659499607.6841106.jpg 1 290 172 181 178
positive/1659499607.8056617.jpg 1 286 177 175 165
positive/1659499607.9297516.jpg 1 279 176 179 173
positive/1659499608.0540154.jpg 1 272 173 186 183
positive/1659499608.1775.jpg 1 283 162 174 186
positive/1659499608.3005068.jpg 1 270 165 183 187
positive/1659499608.4252062.jpg 1 266 158 186 194
positive/1659499608.5495877.jpg 1 270 160 184 186
positive/1659499608.6734338.jpg 1 261 140 189 199
positive/1659499608.7977893.jpg 1 245 127 197 198
positive/1659499608.9213033.jpg 1 252 131 191 188
positive/1659499609.0483298.jpg 1 249 125 189 197
positive/1659499609.1709468.jpg 1 229 109 208 213
positive/1659499609.293907.jpg 1 231 107 203 193
positive/1659499609.4189782.jpg 1 236 101 199 204
positive/1659499609.5428035.jpg 1 237 100 207 202
positive/1659499609.6682594.jpg 1 256 100 173 198
positive/1659499609.7939522.jpg 1 251 96 199 197
positive/1659499609.91846.jpg 1 260 90 198 203
