positive/1659595472.6080606.jpg 1 127 9 304 298
positive/1659595472.7764757.jpg 1 119 5 334 310
positive/1659595472.9102747.jpg 1 130 9 311 310
positive/1659595473.0359328.jpg 1 154 56 292 274
positive/1659595473.1585052.jpg 1 169 63 270 271
positive/1659595473.2678847.jpg 1 170 60 281 279
positive/1659595473.3915076.jpg 1 191 78 249 262
positive/1659595473.5162318.jpg 1 180 79 264 258
positive/1659595473.6408038.jpg 1 179 84 261 264
positive/1659595473.7661097.jpg 1 177 85 260 267
positive/1659595473.8899708.jpg 1 178 99 264 255
positive/1659595474.013483.jpg 1 185 105 255 254
positive/1659595474.1382346.jpg 1 180 108 259 255
positive/1659595474.263936.jpg 1 185 118 251 252
positive/1659595474.390617.jpg 1 188 123 258 245
positive/1659595474.5143328.jpg 1 208 117 256 251
positive/1659595474.6402674.jpg 1 220 113 258 255
positive/1659595474.7639108.jpg 1 226 113 257 252
positive/1659595474.8909702.jpg 1 229 118 256 248
positive/1659595475.0009844.jpg 1 226 109 260 259
positive/1659595475.1255841.jpg 1 226 117 251 259
positive/1659595475.2510297.jpg 1 215 121 253 251
positive/1659595475.3760014.jpg 1 197 121 253 254
positive/1659595475.5001485.jpg 1 184 117 255 254
positive/1659595475.6230588.jpg 1 177 120 262 251
positive/1659595475.748022.jpg 1 177 120 253 251
positive/1659595475.8752573.jpg 1 172 132 249 243
positive/1659595475.9980927.jpg 1 176 130 239 249
positive/1659595476.1221364.jpg 1 170 123 250 255
positive/1659595476.2464738.jpg 1 182 136 238 246
positive/1659595476.3699546.jpg 1 169 129 249 249
positive/1659595476.494126.jpg 1 169 127 255 255
positive/1659595476.6190917.jpg 1 171 129 253 247
positive/1659595476.7447264.jpg 1 170 128 252 257
positive/1659595476.8672233.jpg 1 178 131 243 261
positive/1659595476.9913445.jpg 1 174 124 252 267
positive/1659595477.117117.jpg 1 173 125 253 275
positive/1659595477.2416275.jpg 1 173 118 251 283
positive/1659595477.364802.jpg 1 164 125 261 259
positive/1659595477.4899337.jpg 1 170 132 254 266
positive/1659595477.6139576.jpg 1 165 139 261 248
positive/1659595477.7372952.jpg 1 165 133 261 250
positive/1659595477.861025.jpg 1 164 131 264 260
positive/1659595477.9827394.jpg 1 160 134 269 253
positive/1659595478.107879.jpg 1 163 139 259 250
positive/1659595478.2310123.jpg 1 166 136 253 260
positive/1659595478.3548071.jpg 1 162 140 263 254
positive/1659595478.4793372.jpg 1 165 144 256 257
positive/1659595478.603984.jpg 1 163 142 258 255
positive/1659595478.7300951.jpg 1 162 138 255 263
positive/1659595478.8543158.jpg 1 166 147 256 264
positive/1659595478.9780288.jpg 1 166 155 260 260
positive/1659595479.1019933.jpg 1 175 159 248 255
positive/1659595479.227382.jpg 1 172 152 257 269
positive/1659595479.3523893.jpg 1 177 150 255 261
positive/1659595479.47715.jpg 1 175 147 261 256
positive/1659595479.6013534.jpg 1 183 148 253 269
positive/1659595479.7273617.jpg 1 177 142 257 262
positive/1659595479.8507493.jpg 1 182 144 248 259
positive/1659595479.9739485.jpg 1 181 150 247 254
positive/1659595480.0978205.jpg 1 179 149 242 254
positive/1659595480.2195048.jpg 1 175 144 251 256
positive/1659595480.3434517.jpg 1 174 149 243 241
positive/1659595480.4673026.jpg 1 176 146 236 241
positive/1659595480.5944028.jpg 1 172 144 240 237
positive/1659595480.7341366.jpg 1 169 151 238 236
positive/1659595480.8572083.jpg 1 163 150 239 245
positive/1659595480.9792078.jpg 1 155 149 237 240
positive/1659595481.1036575.jpg 1 150 152 246 238
positive/1659595481.228919.jpg 1 144 147 237 243
positive/1659595481.3542833.jpg 1 141 149 241 239
positive/1659595481.4797466.jpg 1 134 151 241 240
positive/1659595481.6024919.jpg 1 136 152 237 239
positive/1659595481.7274222.jpg 1 129 155 236 247
positive/1659595481.8512404.jpg 1 127 151 240 247
positive/1659595481.977085.jpg 1 128 152 236 252
positive/1659595482.1001797.jpg 1 120 147 241 251
positive/1659595482.2254362.jpg 1 115 146 246 254
positive/1659595482.3499644.jpg 1 118 148 234 253
positive/1659595482.4743505.jpg 1 105 150 248 254
positive/1659595482.5983448.jpg 1 106 149 242 248
positive/1659595482.7219794.jpg 1 97 147 245 255
positive/1659595482.8320434.jpg 1 91 148 249 250
positive/1659595482.9554949.jpg 1 86 151 245 248
positive/1659595483.0802135.jpg 1 91 158 242 246
positive/1659595483.2037816.jpg 1 83 157 247 245
positive/1659595483.3293037.jpg 1 83 154 245 245
positive/1659595483.452607.jpg 1 78 161 250 238
positive/1659595483.577278.jpg 1 82 155 245 249
positive/1659595483.7033432.jpg 1 76 157 246 244
positive/1659595483.8289967.jpg 1 87 160 238 233
positive/1659595483.954491.jpg 1 83 155 242 238
positive/1659595484.0773757.jpg 1 81 143 243 243
positive/1659595484.21601.jpg 1 85 138 241 250
positive/1659595484.3399842.jpg 1 94 139 236 237
positive/1659595484.465026.jpg 1 97 125 237 244
positive/1659595484.5892565.jpg 1 100 122 230 244
positive/1659595484.715283.jpg 1 98 122 238 238
positive/1659595484.8405187.jpg 1 102 115 232 248
positive/1659595484.9803708.jpg 1 102 111 232 248
positive/1659595485.1044354.jpg 1 100 111 233 264
positive/1659595485.2272773.jpg 1 101 108 227 251
positive/1659595485.339816.jpg 1 103 102 234 250
positive/1659595485.4622617.jpg 1 104 101 227 232
positive/1659595485.5880756.jpg 1 102 96 238 232
positive/1659595485.7115612.jpg 1 103 93 238 228
positive/1659595485.8360717.jpg 1 107 87 239 231
positive/1659595485.963488.jpg 1 109 83 234 231
positive/1659595486.0872576.jpg 1 103 81 236 230
positive/1659595486.2102375.jpg 1 105 77 238 226
positive/1659595486.3344796.jpg 1 108 78 231 222
positive/1659595486.4573164.jpg 1 115 76 221 225
positive/1659595486.5678093.jpg 1 108 71 234 235
positive/1659595486.692799.jpg 1 114 76 226 229
positive/1659595486.8163428.jpg 1 108 63 235 229
positive/1659595486.941991.jpg 1 118 69 217 218
positive/1659595487.0650237.jpg 1 108 65 230 233
positive/1659595487.1900907.jpg 1 101 63 241 232
positive/1659595487.3140652.jpg 1 107 68 224 228
positive/1659595487.4386425.jpg 1 96 61 234 232
positive/1659595487.564095.jpg 1 97 56 226 228
positive/1659595487.6883113.jpg 1 96 55 228 236
positive/1659595487.815075.jpg 1 93 54 224 239
positive/1659595487.9422338.jpg 1 79 57 222 238
positive/1659595488.0655308.jpg 1 72 61 223 241
positive/1659595488.189072.jpg 1 70 63 216 229
positive/1659595488.3131156.jpg 1 58 66 220 226
positive/1659595488.43749.jpg 1 54 74 222 213
positive/1659595488.562606.jpg 1 58 74 223 222
positive/1659595488.6881075.jpg 1 62 73 232 213
positive/1659595488.8119662.jpg 1 70 64 225 221
positive/1659595488.937468.jpg 1 77 68 224 214
positive/1659595489.061318.jpg 1 78 62 233 226
positive/1659595489.1882093.jpg 1 89 67 234 216
positive/1659595489.3130434.jpg 1 94 65 237 220
positive/1659595489.4378247.jpg 1 97 65 230 219
positive/1659595489.5620356.jpg 1 106 66 239 226
positive/1659595489.6870344.jpg 1 111 66 234 220
positive/1659595489.811399.jpg 1 117 61 234 227
positive/1659595489.936161.jpg 1 124 56 236 235
positive/1659595490.0619667.jpg 1 131 61 234 227
positive/1659595490.1870236.jpg 1 134 63 247 232
positive/1659595490.3109066.jpg 1 137 63 239 232
positive/1659595490.4350169.jpg 1 141 63 248 228
positive/1659595490.5582016.jpg 1 159 66 235 229
positive/1659595490.6799724.jpg 1 167 64 239 225
positive/1659595490.8023064.jpg 1 178 65 247 227
positive/1659595490.9255016.jpg 1 191 59 244 236
positive/1659595491.0481443.jpg 1 210 64 244 235
positive/1659595491.173988.jpg 1 225 63 234 234
positive/1659595491.2974885.jpg 1 233 60 240 242
positive/1659595491.4222581.jpg 1 241 61 241 239
positive/1659595491.548101.jpg 1 248 60 247 240
positive/1659595491.6720777.jpg 1 258 64 240 237
positive/1659595491.7980366.jpg 1 260 58 243 248
positive/1659595491.920442.jpg 1 262 57 245 242
positive/1659595492.0620582.jpg 1 277 62 235 233
positive/1659595492.1857276.jpg 1 280 63 240 235
positive/1659595492.3097835.jpg 1 291 59 244 240
positive/1659595492.4353037.jpg 1 299 56 246 249
positive/1659595492.5592678.jpg 1 301 52 254 251
positive/1659595492.6832166.jpg 1 303 63 254 243
positive/1659595492.8081617.jpg 1 305 51 253 246
positive/1659595492.933361.jpg 1 316 57 251 247
positive/1659595493.0562046.jpg 1 316 56 247 246
positive/1659595493.179359.jpg 1 317 53 244 243
positive/1659595493.2896762.jpg 1 309 58 249 257
positive/1659595493.4152522.jpg 1 300 72 247 263
positive/1659595493.5393527.jpg 1 302 78 243 259
positive/1659595493.6653435.jpg 1 297 98 248 256
positive/1659595493.787667.jpg 1 299 100 240 260
positive/1659595493.9099863.jpg 1 291 120 252 246
positive/1659595494.0349817.jpg 1 297 106 242 268
positive/1659595494.1606448.jpg 1 288 105 245 265
positive/1659595494.2862651.jpg 1 274 116 256 263
positive/1659595494.4091609.jpg 1 277 118 245 255
positive/1659595494.5332434.jpg 1 270 128 244 258
positive/1659595494.660299.jpg 1 267 127 251 262
positive/1659595494.7807965.jpg 1 256 143 246 260
positive/1659595494.9045527.jpg 1 250 152 250 251
positive/1659595495.02949.jpg 1 261 160 234 245
positive/1659595495.1504786.jpg 1 246 157 245 257
positive/1659595495.276128.jpg 1 240 159 255 262
positive/1659595495.4000332.jpg 1 250 164 240 264
positive/1659595495.5239563.jpg 1 240 170 245 248
positive/1659595495.6508384.jpg 1 247 170 246 260
positive/1659595495.7721386.jpg 1 258 176 237 254
positive/1659595495.895644.jpg 1 250 181 249 257
positive/1659595496.0180836.jpg 1 262 188 248 252
positive/1659595496.142058.jpg 1 269 194 254 250
positive/1659595496.2661712.jpg 1 281 195 255 252
positive/1659595496.3901737.jpg 1 295 200 246 251
positive/1659595496.5157568.jpg 1 289 192 257 261
positive/1659595496.6383686.jpg 1 292 204 259 260
positive/1659595496.7611744.jpg 1 294 206 258 253
positive/1659595496.8791552.jpg 1 298 198 255 259
positive/1659595497.0014977.jpg 1 302 191 258 272
positive/1659595497.1267054.jpg 1 298 184 267 276
positive/1659595497.2511473.jpg 1 317 209 251 244
positive/1659595497.3755317.jpg 1 312 203 257 253
positive/1659595497.4980557.jpg 1 312 204 254 251
positive/1659595497.6210551.jpg 1 318 199 248 248
positive/1659595497.7446928.jpg 1 309 190 246 260
positive/1659595497.8683844.jpg 1 292 197 261 259
positive/1659595497.994978.jpg 1 292 197 248 266
positive/1659595498.1193616.jpg 1 284 189 252 268
positive/1659595498.2451415.jpg 1 275 188 254 264
positive/1659595498.3672154.jpg 1 265 198 251 257
positive/1659595498.4900827.jpg 1 257 193 252 253
positive/1659595498.617589.jpg 1 256 185 252 266
positive/1659595498.739235.jpg 1 258 202 241 247
positive/1659595498.8639004.jpg 1 242 199 253 261
positive/1659595498.987642.jpg 1 244 203 245 251
positive/1659595499.10928.jpg 1 236 199 252 249
positive/1659595499.2339494.jpg 1 239 202 238 253
positive/1659595499.3601134.jpg 1 227 203 248 251
positive/1659595499.4980593.jpg 1 217 203 248 256
positive/1659595499.6219654.jpg 1 209 202 254 259
positive/1659595499.7461612.jpg 1 215 203 240 263
positive/1659595499.8709364.jpg 1 200 203 250 253
positive/1659595499.9950638.jpg 1 200 206 247 257
positive/1659595500.117943.jpg 1 206 212 228 254
positive/1659595500.2551575.jpg 1 179 206 256 255
positive/1659595500.3780375.jpg 1 176 204 245 266
positive/1659595500.500711.jpg 1 174 209 241 246
positive/1659595500.623473.jpg 1 150 208 271 255
positive/1659595500.7437403.jpg 1 166 214 235 238
positive/1659595500.8661776.jpg 1 148 202 249 252
positive/1659595500.989932.jpg 1 144 207 251 243
positive/1659595501.1153333.jpg 1 151 208 232 237
positive/1659595501.2368271.jpg 1 142 208 233 246
positive/1659595501.359869.jpg 1 131 211 240 235
positive/1659595501.4830115.jpg 1 132 207 246 236
positive/1659595501.6073425.jpg 1 129 202 234 248
positive/1659595501.733241.jpg 1 127 215 239 239
positive/1659595501.8582563.jpg 1 133 224 224 223
positive/1659595501.9820397.jpg 1 113 207 245 247
positive/1659595502.1086452.jpg 1 120 215 240 239
